drwxr-xr-x   14 19324006   19324006         4096 Oct 18  2016 .
drwxr-xr-x   18 19324006   19324006         4096 Jun  7 10:01 ..
drwxr-xr-x    2 19324006   19324006         4096 Oct 18  2016 01
drwxr-xr-x    2 19324006   19324006         4096 Oct 18  2016 02
drwxr-xr-x    2 19324006   19324006         4096 Oct 18  2016 03
drwxr-xr-x    2 19324006   19324006         4096 Oct 18  2016 04
drwxr-xr-x    2 19324006   19324006         4096 Oct 18  2016 05
drwxr-xr-x    2 19324006   19324006         4096 Oct 18  2016 06
drwxr-xr-x    2 19324006   19324006         4096 Oct 18  2016 07
drwxr-xr-x    2 19324006   19324006         4096 Oct 18  2016 08
drwxr-xr-x    2 19324006   19324006         4096 Oct 18  2016 09
drwxr-xr-x    2 19324006   19324006         4096 Oct 18  2016 10
drwxr-xr-x    2 19324006   19324006         4096 Oct 18  2016 11
drwxr-xr-x    2 19324006   19324006         4096 Oct 18  2016 12
